   0.00000000                  NaN   0.00000000    
   0.00000000                  NaN   0.00000000    
   0.00000000                  NaN   0.00000000    
   0.00000000                  NaN   0.00000000    
   0.00000000                  NaN   0.00000000    
   0.00000000                  NaN   0.00000000    
   0.00000000                  NaN   0.00000000    
   0.00000000                  NaN   0.00000000    
   0.00000000                  NaN   0.00000000    
   0.00000000                  NaN   0.00000000    
   0.00000000                  NaN   0.00000000    
   0.00000000                  NaN   0.00000000    
   0.00000000                  NaN   0.00000000    
   0.00000000                  NaN   0.00000000    
   0.00000000                  NaN   0.00000000    
   0.00000000                  NaN   0.00000000    
   0.00000000                  NaN   0.00000000    
   0.00000000                  NaN   0.00000000    
   0.00000000                  NaN   0.00000000    
   0.00000000                  NaN   0.00000000    
   0.00000000                  NaN   0.00000000    
   0.00000000                  NaN   0.00000000    
   0.00000000                  NaN   0.00000000    
   0.00000000                  NaN   0.00000000    
   0.00000000                  NaN   0.00000000    
   0.00000000                  NaN   0.00000000    
   0.00000000                  NaN   0.00000000    
   0.00000000                  NaN   0.00000000    
   0.00000000                  NaN   0.00000000    
   0.00000000                  NaN   0.00000000    
   0.00000000                  NaN   0.00000000    
   0.00000000                  NaN   0.00000000    
   0.00000000                  NaN   0.00000000    
   0.00000000                  NaN   0.00000000    
   0.00000000                  NaN   0.00000000    
   0.00000000                  NaN   0.00000000    
   0.00000000                  NaN   0.00000000    
   0.00000000                  NaN   0.00000000    
   0.00000000                  NaN   0.00000000    
   0.00000000                  NaN   0.00000000    
   0.00000000                  NaN   0.00000000    
   0.00000000                  NaN   0.00000000    
   0.00000000                  NaN   0.00000000    
   0.00000000                  NaN   0.00000000    
   0.00000000                  NaN   0.00000000    
   0.00000000                  NaN   0.00000000    
   0.00000000                  NaN   0.00000000    
   0.00000000                  NaN   0.00000000    
   0.00000000                  NaN   0.00000000    
   0.00000000                  NaN   0.00000000    
   0.00000000                  NaN   0.00000000    
   0.00000000                  NaN   0.00000000    
   0.00000000                  NaN   0.00000000    
   0.00000000                  NaN   0.00000000    
   0.00000000                  NaN   0.00000000    
   0.00000000                  NaN   0.00000000    
   0.00000000                  NaN   0.00000000    
   0.00000000                  NaN   0.00000000    
   0.00000000                  NaN   0.00000000    
   0.00000000                  NaN   0.00000000    
   0.00000000                  NaN   0.00000000    
   0.00000000                  NaN   0.00000000    
   0.00000000                  NaN   0.00000000    
   0.00000000                  NaN   0.00000000    
   0.00000000                  NaN   0.00000000    
   0.00000000                  NaN   0.00000000    
   0.00000000                  NaN   0.00000000    
   0.00000000                  NaN   0.00000000    
   0.00000000                  NaN   0.00000000    
   0.00000000                  NaN   0.00000000    
   0.00000000                  NaN   0.00000000    
   0.00000000                  NaN   0.00000000    
   0.00000000                  NaN   0.00000000    
   0.00000000                  NaN   0.00000000    
   0.00000000                  NaN   0.00000000    
   0.00000000                  NaN   0.00000000    
   0.00000000                  NaN   0.00000000    
   0.00000000                  NaN   0.00000000    
   0.00000000                  NaN   0.00000000    
   0.00000000                  NaN   0.00000000    
   0.00000000                  NaN   0.00000000    
   0.00000000                  NaN   0.00000000    
   0.00000000                  NaN   0.00000000    
   0.00000000                  NaN   0.00000000    
   0.00000000                  NaN   0.00000000    
   0.00000000                  NaN   0.00000000    
   0.00000000                  NaN   0.00000000    
   0.00000000                  NaN   0.00000000    
   0.00000000                  NaN   0.00000000    
   0.00000000             Infinity   0.00000000    
   0.00000000             Infinity   0.00000000    
   0.00000000                  NaN   0.00000000    
   0.00000000            -Infinity   0.00000000    
   0.00000000            -Infinity   0.00000000    
   0.00000000            -Infinity   0.00000000    
   0.00000000            -Infinity   0.00000000    
   0.00000000            -Infinity   0.00000000    
   0.00000000            -Infinity   0.00000000    
   0.00000000            -Infinity   0.00000000    
   0.00000000            -Infinity   0.00000000    
