   0.00000000                  NaN              NaN   0.00000000    
   0.00000000                  NaN              NaN   0.00000000    
   0.00000000                  NaN              NaN   0.00000000    
   0.00000000                  NaN              NaN   0.00000000    
   0.00000000                  NaN              NaN   0.00000000    
   0.00000000                  NaN              NaN   0.00000000    
   0.00000000                  NaN              NaN   0.00000000    
   0.00000000                  NaN              NaN   0.00000000    
   0.00000000                  NaN              NaN   0.00000000    
   0.00000000                  NaN              NaN   0.00000000    
   0.00000000                  NaN              NaN   0.00000000    
   0.00000000                  NaN              NaN   0.00000000    
   0.00000000                  NaN              NaN   0.00000000    
   0.00000000                  NaN              NaN   0.00000000    
   0.00000000                  NaN              NaN   0.00000000    
   0.00000000                  NaN              NaN   0.00000000    
   0.00000000                  NaN              NaN   0.00000000    
   0.00000000                  NaN              NaN   0.00000000    
   0.00000000                  NaN              NaN   0.00000000    
   0.00000000                  NaN              NaN   0.00000000    
   0.00000000                  NaN              NaN   0.00000000    
   0.00000000                  NaN              NaN   0.00000000    
   0.00000000                  NaN              NaN   0.00000000    
   0.00000000                  NaN              NaN   0.00000000    
   0.00000000                  NaN              NaN   0.00000000    
   0.00000000                  NaN              NaN   0.00000000    
   0.00000000                  NaN              NaN   0.00000000    
   0.00000000                  NaN              NaN   0.00000000    
   0.00000000                  NaN              NaN   0.00000000    
   0.00000000                  NaN              NaN   0.00000000    
   0.00000000                  NaN              NaN   0.00000000    
   0.00000000                  NaN              NaN   0.00000000    
   0.00000000                  NaN              NaN   0.00000000    
   0.00000000                  NaN              NaN   0.00000000    
   0.00000000                  NaN              NaN   0.00000000    
   0.00000000                  NaN              NaN   0.00000000    
   0.00000000                  NaN              NaN   0.00000000    
   0.00000000                  NaN              NaN   0.00000000    
   0.00000000                  NaN              NaN   0.00000000    
   0.00000000                  NaN              NaN   0.00000000    
   0.00000000                  NaN              NaN   0.00000000    
   0.00000000                  NaN              NaN   0.00000000    
   0.00000000                  NaN              NaN   0.00000000    
   0.00000000                  NaN              NaN   0.00000000    
   0.00000000                  NaN              NaN   0.00000000    
   0.00000000                  NaN              NaN   0.00000000    
   0.00000000                  NaN              NaN   0.00000000    
   0.00000000                  NaN              NaN   0.00000000    
   0.00000000                  NaN              NaN   0.00000000    
   0.00000000                  NaN              NaN   0.00000000    
   0.00000000                  NaN              NaN   0.00000000    
   0.00000000                  NaN              NaN   0.00000000    
   0.00000000                  NaN              NaN   0.00000000    
   0.00000000                  NaN              NaN   0.00000000    
   0.00000000                  NaN              NaN   0.00000000    
   0.00000000                  NaN              NaN   0.00000000    
   0.00000000                  NaN              NaN   0.00000000    
   0.00000000                  NaN              NaN   0.00000000    
   0.00000000                  NaN              NaN   0.00000000    
   0.00000000                  NaN              NaN   0.00000000    
   0.00000000                  NaN              NaN   0.00000000    
   0.00000000                  NaN              NaN   0.00000000    
   0.00000000                  NaN              NaN   0.00000000    
   0.00000000                  NaN              NaN   0.00000000    
   0.00000000                  NaN              NaN   0.00000000    
   0.00000000                  NaN              NaN   0.00000000    
   0.00000000                  NaN              NaN   0.00000000    
   0.00000000                  NaN              NaN   0.00000000    
   0.00000000                  NaN              NaN   0.00000000    
   0.00000000                  NaN              NaN   0.00000000    
   0.00000000                  NaN              NaN   0.00000000    
   0.00000000                  NaN              NaN   0.00000000    
   0.00000000                  NaN              NaN   0.00000000    
   0.00000000                  NaN              NaN   0.00000000    
   0.00000000                  NaN              NaN   0.00000000    
   0.00000000                  NaN              NaN   0.00000000    
   0.00000000                  NaN              NaN   0.00000000    
   0.00000000                  NaN              NaN   0.00000000    
   0.00000000                  NaN              NaN   0.00000000    
   0.00000000                  NaN              NaN   0.00000000    
   0.00000000                  NaN              NaN   0.00000000    
   0.00000000                  NaN              NaN   0.00000000    
   0.00000000                  NaN              NaN   0.00000000    
   0.00000000                  NaN              NaN   0.00000000    
   0.00000000                  NaN              NaN   0.00000000    
   0.00000000                  NaN              NaN   0.00000000    
   0.00000000                  NaN              NaN   0.00000000    
   0.00000000                  NaN              NaN   0.00000000    
   0.00000000                  NaN              NaN   0.00000000    
   0.00000000             Infinity         Infinity   0.00000000    
   0.00000000             Infinity        -Infinity   0.00000000    
   0.00000000                  NaN              NaN   0.00000000    
   0.00000000            -Infinity        -Infinity   0.00000000    
   0.00000000            -Infinity        -Infinity   0.00000000    
   0.00000000            -Infinity        -Infinity   0.00000000    
   0.00000000            -Infinity        -Infinity   0.00000000    
   0.00000000            -Infinity        -Infinity   0.00000000    
   0.00000000            -Infinity         Infinity   0.00000000    
   0.00000000            -Infinity        -Infinity   0.00000000    
   0.00000000            -Infinity         Infinity   0.00000000    
