  -4.00000000       0.00000000    
  -4.00000000       9.99999975E-06
  -4.00000000       1.99999995E-05
  -4.00000000       2.99999992E-05
  -4.00000000       3.99999990E-05
  -4.00000000       4.99999987E-05
  -4.00000000       5.99999985E-05
  -4.00000000       6.99999946E-05
  -4.00000000       7.99999907E-05
  -4.00000000       8.99999868E-05
  -4.00000000       9.99999829E-05
  -4.00000000       1.09999979E-04
  -4.00000000       1.19999975E-04
  -4.00000000       1.29999971E-04
  -4.00000000       1.39999960E-04
  -4.00000000       1.49999949E-04
  -4.00000000       1.59999938E-04
  -4.00000000       1.69999927E-04
  -4.00000000       1.79999915E-04
  -4.00000000       1.89999904E-04
  -4.00000000       1.99999893E-04
  -4.00000000       2.09999882E-04
  -4.00000000       2.19999871E-04
  -4.00000000       2.29999860E-04
  -4.00000000       2.39999848E-04
  -4.00000000       2.49999837E-04
  -4.00000000       2.59999826E-04
  -4.00000000       2.69999815E-04
  -4.00000000       2.79999804E-04
  -4.00000000       2.89999793E-04
  -4.00000000       2.99999781E-04
  -4.00000000       3.09999770E-04
  -4.00000000       3.19999759E-04
  -4.00000000       3.29999748E-04
  -4.00000000       3.39999737E-04
  -4.00000000       3.49999726E-04
  -4.00000000       3.59999714E-04
  -4.00000000       3.69999703E-04
  -4.00000000       3.79999692E-04
  -4.00000000       3.89999681E-04
  -4.00000000       3.99999670E-04
  -4.00000000       4.09999659E-04
  -4.00000000       4.19999647E-04
  -4.00000000       4.29999636E-04
  -4.00000000       4.39999625E-04
  -4.00000000       4.49999614E-04
  -4.00000000       4.59999603E-04
  -4.00000000       4.69999592E-04
  -4.00000000       4.79999580E-04
  -4.00000000       4.89999540E-04
  -4.00000000       4.99999500E-04
  -4.00000000       5.09999460E-04
  -4.00000000       5.19999419E-04
  -4.00000000       5.29999379E-04
  -4.00000000       5.39999339E-04
  -4.00000000       5.49999299E-04
  -4.00000000       5.59999258E-04
  -4.00000000       5.69999218E-04
  -4.00000000       5.79999178E-04
  -4.00000000       5.89999137E-04
  -4.00000000       5.99999097E-04
  -4.00000000       6.09999057E-04
  -4.00000000       6.19999017E-04
  -4.00000000       6.29998976E-04
  -4.00000000       6.39998936E-04
  -4.00000000       6.49998896E-04
  -4.00000000       6.59998856E-04
  -4.00000000       6.69998815E-04
  -4.00000000       6.79998775E-04
  -4.00000000       6.89998735E-04
  -4.00000000       6.99998694E-04
  -4.00000000       7.09998654E-04
  -4.00000000       7.19998614E-04
  -4.00000000       7.29998574E-04
  -4.00000000       7.39998533E-04
  -4.00000000       7.49998493E-04
  -4.00000000       7.59998453E-04
  -4.00000000       7.69998413E-04
  -4.00000000       7.79998372E-04
  -4.00000000       7.89998332E-04
  -4.00000000       7.99998292E-04
  -4.00000000       8.09998251E-04
  -4.00000000       8.19998211E-04
  -4.00000000       8.29998171E-04
  -4.00000000       8.39998131E-04
  -4.00000000       8.49998090E-04
  -4.00000000       8.59998050E-04
  -4.00000000       8.69998010E-04
  -4.00000000       8.79997970E-04
  -4.00000000       8.89997929E-04
  -4.00000000       8.99997889E-04
  -4.00000000       9.09997849E-04
  -4.00000000       9.19997809E-04
  -4.00000000       9.29997768E-04
  -4.00000000       9.39997728E-04
  -4.00000000       9.49997688E-04
  -4.00000000       9.59997647E-04
  -4.00000000       9.69997607E-04
  -4.00000000       9.79997567E-04
  -4.00000000       9.89997527E-04
